400000001020000 08000020 04018020 00004000 00000000 00000000 00000000 00000000
00000000 00000000 00000000 00000000 00000000 00000000 00000000 00000000
00000000 00000000 00000000 00000000 40000040018000 00440000 30000000 80000001c
88000005c 400000000020000 00000003 00000000 00000000 00000000 00000000 00000000
00000000 00000000 00000000 00000000 00000000 00000000 00000000 00000000
00000000 00000000 00000000 00000000 00000000 00000000 00000000 00000000
00000000 00000000 00000000 00000000 40000040018000 80440040 400000030020000 0000001c
00000003 00440000 30000000 00000018 8000005c 00000003 00000000 00440000
30000000 80000001c 88000005c 00000003 104000000000000 2000000000020000 00200020 80000040
400000000020000 00000003 00000000 00000000 00000000 00000000 00000000 00000000
00000000 00000000 00000000 00000000 00000000 00000000 00000000 00000000
00000000 00000000 00000000 00000000 00000000 00000000 00000000 00000000
00000000 00000000 00000000 00000000 00000000 00000000 00000000 00000000
00000000 00000000 00000000 00000000 00000000 00000000 00000000 00000000
00000000 00000000 00000000 00000000 194000080000040 1800000000458000 428000000460000 1800000030018000
28000000442218 1800000030018000 28000000441118 1800000030018000 00440898 30000000 400000418 00000003
400000000020000 00000003 00000000 00000000 104010088000040 2000000000020000 200000000200000 8020008000000
2000000000020000 200000000200000 8040008000000 2000000000020000 200000000200000 8080008000000 2000000000020000 200000000200000
400000008000000 00000000 00000000 00000000 f000000000 80000040 400000000020000 00000003
00000000 00000000 00000000 00000000 00000000 00000000 00000000 00000000
00000000 00000000 00000000 00000000 40000040018000 00440000 30000000 80000001c
88000005c 400000000020000 00000003 00000000 00000000 00000000 00000000 00000000
00000000 00000000 00000000 00000000 00000000 00000000 00000000 00000000
40000040018000 00440000 30000000 80000001c 88000005c 400000000020000 00000003 00000000
00000000 00000000 00000000 00000000 00000000 00000000 00000000 00000000
40000040018000 00440000 30000000 80000001c 88000005c 400000000020000 00000003 00000000
00000000 00000000 00000000 00000000 00000000 00000000 00000000 00000000
40000040018000 00440000 30000000 80000001c 88000005c 400000000020000 00000003 00000000
00000000 00000000 00000000 00000000 80000040 400000000020000 00000003 00000000
80000040 400000000020000 00000003 00000000 00000000 00000000 00000000 00000000
00000000 00000000 00000000 00000000 100000000 108100000 108100000 130000000
100880018 80000040 400000000020000 00000003 00000000 00000000 00000000 00000000